Date,Open,High,Low,Close,Volume,Adj Close
2015-04-10,48.00,49.97,47.11,49.71,3042500,49.71
2015-04-09,45.14,49.45,44.04,48.67,3469700,48.67
2015-04-08,46.80,46.80,44.66,45.23,2450200,45.23
2015-04-07,46.00,47.49,45.30,46.73,2242200,46.73
2015-04-06,45.60,45.60,45.60,45.60,000,45.60
2015-04-03,41.96,46.33,41.43,45.60,2683500,45.60
2015-04-02,40.91,42.60,40.91,42.19,2050800,42.19
2015-04-01,40.42,41.08,40.30,40.89,1492600,40.89
2015-03-31,41.23,41.65,38.01,40.48,1985200,40.48
2015-03-30,41.45,42.91,41.11,41.39,1801500,41.39
2015-03-27,40.29,41.70,40.00,41.37,1653100,41.37
2015-03-26,40.90,42.30,38.98,40.29,2628800,40.29
2015-03-25,38.90,41.88,38.52,41.55,3602800,41.55
2015-03-24,39.60,39.90,38.05,39.06,2508400,39.06
2015-03-23,39.50,39.87,39.25,39.64,2068400,39.64
2015-03-20,40.42,40.42,39.00,39.56,2067900,39.56
2015-03-19,38.80,39.95,38.50,39.86,2193700,39.86
2015-03-18,38.70,39.08,38.20,39.02,2455400,39.02
2015-03-17,37.80,39.50,37.30,38.73,4034800,38.73
2015-03-16,36.35,37.75,36.35,37.52,3053500,37.52
2015-03-13,35.72,36.21,35.72,36.08,1038500,36.08
2015-03-12,35.57,35.95,35.20,35.65,1173900,35.65
2015-03-11,36.06,36.24,35.52,35.60,1299500,35.60
2015-03-10,36.00,36.45,35.87,36.08,1192900,36.08
2015-03-09,35.40,36.68,35.20,35.94,1774700,35.94
2015-03-06,37.50,37.50,35.70,35.73,2962400,35.73
2015-03-05,36.41,38.38,36.28,37.59,3497100,37.59
2015-03-04,35.85,36.57,35.53,36.39,2323900,36.39
2015-03-03,35.60,36.75,35.35,35.80,2531900,35.80
2015-03-02,36.01,36.01,35.00,35.82,2260700,35.82
2015-02-27,35.69,36.14,35.40,35.97,1905800,35.97
2015-02-26,35.29,35.80,34.97,35.61,1483700,35.61
2015-02-25,35.56,35.69,35.00,35.23,1393400,35.23
2015-02-24,35.38,35.38,35.38,35.38,000,35.38
2015-02-23,35.38,35.38,35.38,35.38,000,35.38
2015-02-20,35.38,35.38,35.38,35.38,000,35.38
2015-02-19,35.38,35.38,35.38,35.38,000,35.38
2015-02-18,35.38,35.38,35.38,35.38,000,35.38
2015-02-17,35.07,35.60,34.93,35.38,1571600,35.38
2015-02-16,34.83,35.20,34.82,34.97,1573000,34.97
2015-02-13,34.40,35.19,34.40,34.87,1507300,34.87
2015-02-12,33.99,34.32,33.82,34.20,784500,34.20
2015-02-11,33.39,33.86,33.22,33.74,759500,33.74
2015-02-10,32.90,33.59,32.90,33.39,781200,33.39
2015-02-09,33.13,33.86,32.83,33.08,658400,33.08
2015-02-06,34.49,34.49,33.02,33.17,1470400,33.17
2015-02-05,35.22,35.26,34.33,34.36,1270100,34.36
2015-02-04,34.94,35.75,34.80,34.89,1724700,34.89
2015-02-03,34.02,35.50,34.00,35.08,2236300,35.08
2015-02-02,33.50,34.58,33.00,34.16,1351100,34.16
2015-01-30,34.73,34.90,33.81,33.92,1448800,33.92
2015-01-29,35.40,35.55,34.51,34.59,2183300,34.59
2015-01-28,35.88,36.25,35.20,35.30,2028800,35.30
2015-01-27,35.63,37.20,35.40,35.88,2863400,35.88
2015-01-26,35.19,35.64,34.88,35.51,1963000,35.51
2015-01-23,36.60,36.87,35.10,35.42,3409700,35.42
2015-01-22,35.26,36.50,35.16,36.12,3868300,36.12
2015-01-21,35.60,35.90,34.90,35.56,4665300,35.56
2015-01-20,33.81,36.15,33.77,35.80,4991600,35.80
2015-01-19,33.22,35.15,33.12,33.77,4492100,33.77
2015-01-16,32.50,33.46,32.41,33.21,1453500,33.21
2015-01-15,32.30,33.38,32.30,32.65,1508600,32.65
2015-01-14,32.90,33.28,32.22,32.36,1429300,32.36
2015-01-13,32.17,33.30,32.00,33.10,1901100,33.10
2015-01-12,33.30,33.64,32.10,32.17,2148900,32.17
2015-01-09,33.56,34.29,33.45,33.55,1872800,33.55
2015-01-08,33.86,34.89,33.51,33.94,2576500,33.94
2015-01-07,35.00,35.18,33.00,34.30,3867900,34.30
2015-01-06,33.90,36.89,33.51,35.70,5146500,35.70
2015-01-05,33.88,34.45,33.15,34.12,3129500,34.12
2015-01-02,35.26,35.26,35.26,35.26,000,35.26
2015-01-01,35.26,35.26,35.26,35.26,000,35.26
2014-12-31,36.05,36.69,34.38,35.26,5967900,35.26
2014-12-30,35.00,38.71,34.76,37.46,8739400,37.46
2014-12-29,34.49,35.20,32.98,35.19,4311500,35.19
2014-12-26,34.51,35.30,34.30,34.56,3746300,34.56
2014-12-25,35.01,35.66,34.29,34.90,6218300,34.90
2014-12-24,34.45,36.41,33.34,35.92,8968700,35.92
2014-12-23,30.80,33.34,30.80,33.34,4462000,33.34
2014-12-22,32.80,32.80,30.01,30.31,3661800,30.31
2014-12-19,34.68,34.70,32.83,33.03,4636600,33.03
2014-12-18,37.66,37.69,34.86,35.03,6923400,35.03
2014-12-17,38.00,38.68,37.32,37.66,7505300,37.66
2014-12-16,39.58,40.50,39.18,39.56,14600500,39.56
2014-12-15,37.88,37.88,37.88,37.88,166200,37.88
2014-12-12,34.44,34.44,34.44,34.44,99000,34.44
2014-12-11,31.31,31.31,31.31,31.31,24900,31.31
2014-12-10,28.46,28.46,28.46,28.46,8000,28.46
2014-12-09,25.87,25.87,25.87,25.87,22500,25.87
2014-12-08,23.52,23.52,23.52,23.52,6700,23.52
2014-12-05,17.82,21.38,17.82,21.38,32400,21.38
